76 302 1.0
76 203 1.0
203 202 1.0
203 314 2.0
131 129 1.0
131 243 2.0
131 10 2.0
131 130 1.0
129 241 1.0
129 9 1.0
133 245 1.0
133 12 1.0
243 258 2.0
243 228 1.0
243 28 2.0
10 11 3.0
10 25 2.0
10 229 1.0
130 13 1.0
130 145 1.0
11 13 2.0
11 226 1.0
25 244 3.0
25 26 1.0
25 146 6.0
25 38 3.0
229 116 2.0
229 231 1.0
234 233 1.0
234 15 1.0
234 232 1.0
234 236 1.0
234 119 1.0
15 16 1.0
15 30 1.0
15 137 1.0
232 14 1.0
236 235 1.0
236 17 1.0
119 134 2.0
119 120 2.0
167 166 1.0
167 46 1.0
166 49 1.0
279 280 1.0
46 264 1.0
46 33 1.0
13 12 1.0
12 27 1.0
228 118 1.0
47 261 1.0
33 154 1.0
33 19 2.0
268 50 1.0
268 155 1.0
268 267 1.0
268 266 1.0
50 36 1.0
270 272 1.0
155 156 1.0
155 37 1.0
155 141 3.0
155 168 2.0
267 53 1.0
266 153 1.0
266 265 2.0
78 304 2.0
78 92 2.0
304 306 1.0
304 303 1.0
92 317 2.0
143 259 3.0
143 157 1.0
143 26 3.0
143 144 1.0
143 128 1.0
259 260 2.0
259 38 2.0
259 258 2.0
259 257 2.0
26 28 3.0
26 241 2.0
144 256 2.0
144 146 1.0
144 142 2.0
128 116 3.0
128 244 3.0
278 280 1.0
278 164 1.0
276 162 1.0
276 274 2.0
164 177 1.0
154 263 1.0
253 255 1.0
253 252 1.0
253 251 1.0
253 138 2.0
19 5 2.0
19 20 1.0
291 292 2.0
292 294 1.0
292 177 1.0
175 176 2.0
175 58 1.0
175 162 1.0
68 79 1.0
68 69 3.0
68 192 1.0
179 180 1.0
179 294 1.0
180 181 1.0
294 293 1.0
217 219 2.0
217 0 2.0
219 218 1.0
219 221 1.0
219 106 2.0
216 107 2.0
216 2 1.0
0 14 2.0
0 120 3.0
244 246 1.0
244 242 1.0
146 258 2.0
146 148 1.0
146 145 1.0
38 39 2.0
38 159 1.0
108 109 -1.0
108 221 1.0
256 39 -2.0
256 257 2.0
257 255 1.0
257 141 2.0
257 36 1.0
241 242 2.0
241 226 2.0
35 37 1.0
37 254 1.0
252 263 1.0
252 237 1.0
153 140 1.0
200 201 1.0
200 186 1.0
201 75 1.0
186 187 2.0
186 172 1.0
260 145 2.0
260 40 2.0
258 269 2.0
116 117 1.0
185 187 2.0
185 183 2.0
185 62 -1.0
187 189 3.0
187 64 2.0
187 299 1.0
183 295 1.0
183 181 2.0
183 182 2.0
62 284 1.0
284 168 1.0
74 199 2.0
74 298 2.0
74 86 2.0
63 281 1.0
63 182 1.0
115 114 2.0
115 117 2.0
113 222 1.0
113 112 1.0
114 126 2.0
224 239 1.0
224 225 1.0
117 226 2.0
117 118 1.0
218 4 3.0
106 107 1.0
65 64 1.0
65 66 1.0
64 286 1.0
66 285 -1.0
30 42 1.0
105 103 2.0
105 327 4.0
246 27 1.0
246 245 2.0
145 158 1.0
145 28 1.0
121 123 3.0
135 14 1.0
135 134 1.0
14 29 1.0
134 16 1.0
134 249 1.0
137 136 1.0
53 51 1.0
70 195 3.0
207 205 1.0
207 209 2.0
207 81 -1.0
207 206 1.0
205 79 1.0
209 208 1.0
209 321 1.0
81 95 1.0
319 320 1.0
319 98 2.0
319 307 1.0
206 322 -1.0
55 54 1.0
55 269 1.0
51 168 1.0
95 96 1.0
82 80 2.0
82 305 1.0
261 250 1.0
208 85 1.0
208 324 1.0
321 308 1.0
321 99 2.0
83 97 2.0
312 311 1.0
312 196 2.0
312 310 1.0
312 313 1.0
311 325 2.0
311 89 1.0
196 182 1.0
196 210 1.0
310 84 2.0
310 194 1.0
313 88 2.0
313 198 1.0
86 100 1.0
240 242 1.0
240 239 1.0
124 140 1.0
124 112 2.0
124 125 -1.0
21 7 1.0
238 122 1.0
238 237 1.0
242 126 1.0
242 23 1.0
239 127 1.0
239 24 1.0
239 254 3.0
2 4 1.0
286 285 1.0
168 182 1.0
4 6 1.0
269 159 1.0
269 285 2.0
198 199 1.0
198 212 2.0
300 299 1.0
320 318 1.0
320 322 2.0
318 317 1.0
318 93 2.0
322 324 1.0
322 97 1.0
204 191 1.0
126 127 2.0
126 141 1.0
227 225 -1.0
227 9 1.0
227 226 1.0
3 123 1.0
3 17 1.0
6 5 1.0
193 307 1.0
193 195 1.0
193 192 2.0
195 308 -1.0
195 197 1.0
195 194 1.0
192 191 1.0
192 305 2.0
156 265 1.0
265 254 1.0
249 247 1.0
149 162 1.0
301 189 1.0
301 314 2.0
301 287 1.0
213 215 3.0
213 325 2.0
215 327 4.0
325 326 3.0
212 89 1.0
191 177 1.0
177 178 1.0
177 60 1.0
247 29 1.0
251 136 1.0
176 56 2.0
176 178 1.0
176 289 3.0
56 274 2.0
56 67 -1.0
289 303 2.0
289 69 -1.0
289 273 2.0
89 87 2.0
89 88 2.0
199 197 1.0
22 237 1.0
20 235 1.0
24 141 1.0
237 222 1.0
274 273 2.0
67 190 1.0
41 163 1.0
127 125 1.0
127 7 1.0
254 142 1.0
87 210 2.0
88 75 1.0
88 102 3.0
123 235 -1.0
123 125 1.0
58 60 1.0
295 281 1.0
27 40 1.0
27 148 3.0
245 230 1.0
98 96 4.0
99 101 1.0
96 94 4.0
225 112 1.0
43 42 1.0
43 162 1.0
162 163 -1.0
197 72 1.0
182 298 2.0
210 326 3.0
263 49 -1.0
141 142 1.0
125 5 1.0
306 79 2.0
306 305 1.0
303 316 4.0
303 80 1.0
189 188 2.0
287 288 1.0
287 271 -1.0
287 174 2.0
102 103 4.0
271 161 2.0
174 54 2.0
323 324 1.0
323 101 1.0
230 231 1.0
148 147 1.0
326 100 1.0
158 159 2.0
158 272 2.0
272 54 2.0
202 188 -1.0
188 173 1.0
161 40 2.0
160 147 1.0
160 173 3.0
40 54 1.0
316 317 3.0
316 94 1.0
80 79 2.0
79 93 -1.0
308 293 5.0
308 85 2.0
17 139 2.0
181 293 -1.0
36 23 2.0
93 94 3.0
85 84 1.0
250 139 1.0
84 72 1.0
122 138 1.0
139 138 1.0
9 23 2.0
